0.39215686274509803
0.3946892950619042
0.3972373730959791
0.39980079788457273
0.40237927046493444
0.40497249187431394
0.4075801631499609
0.41020198532912494
0.4128376594490557
0.41548688654700283
0.41814936766021593
0.42082480382594467
0.4235128960814387
0.4262133454639477
0.42892585301072117
0.43165011975900885
0.4343858467460604
0.4371327350091254
0.4398904855854536
0.4426587995122944
0.4454373778268976
0.448225921566513
0.4510241317683899
0.4538317094697782
0.45664835570792744
0.45947377152008717
0.46230765794350726
0.4651497160154371
0.46799964677312644
0.47085715125382505
0.4737219304947823
0.47659368553324805
0.47947211740647183
0.4823569271517033
0.4852478158061922
0.488144484407188
0.4910466339919404
0.4939539655976991
0.4968661802617137
0.49978297902123375
0.5027040629135091
0.5056291329757892
0.5085578902453237
0.5114900357593622
0.5144252705551547
0.5173632956699504
0.5203038121409992
0.5232465210055506
0.5261911233008543
0.5291373200641598
0.532084812332717
0.5350333011437753
0.5379824875345844
0.5409320725423943
0.543881757204454
0.5468312425580134
0.5497802296403225
0.5527284194886305
0.5556755131401871
0.5586212116322422
0.5615652160020451
0.5645072272868457
0.5674469465238934
0.5703840747504382
0.5733183130037293
0.5762493623210166
0.5791769237395495
0.5821006982965782
0.5850203870293518
0.5879356909751201
0.5908463111711327
0.5937519486546393
0.5966523044628895
0.5995470796331331
0.6024359752026195
0.6053186922085986
0.6081949316883197
0.6110643946790325
0.6139267822179871
0.6167817953424326
0.6196291350896188
0.6224685024967954
0.6252995986012121
0.6281221244401184
0.6309357810507641
0.6337402694703985
0.6365352907362717
0.639320545885633
0.6420957359557321
0.6448605619838189
0.6476147250071427
0.6503579260629531
0.6530898661885002
0.655810246421033
0.6585187677978018
0.6612151313560558
0.6638990381330448
0.6665701891660184
0.6692282854922262
0.6718730281489179
0.6745041181733432
0.6771212566027517
0.6797241444743927
0.6823124828255163
0.6848859726933719
0.6874443151152095
0.6899872111282783
0.692514361769828
0.6950254680771083
0.6975202310873689
0.6999983518378596
0.7024595313658298
0.7049034707085291
0.7073298709032072
0.7097384329871137
0.7121288579974985
0.714500846971611
0.7168541009467008
0.7191883209600177
0.7215032080488111
0.7237984632503309
0.7260737876018268
0.7283288821405483
0.7305634479037447
0.732777185928666
0.7349697972525622
0.7371409829126822
0.739290443946276
0.7414178813905932
0.7435229962828834
0.7456054896603965
0.7476650625603819
0.7497014160200891
0.7517142510767681
0.7537032687676684
0.7556681701300393
0.757608656201131
0.7595244280181928
0.7614151866184742
0.7632806330392251
0.7651204683176953
0.7669343934911342
0.7687221095967914
0.7704833176719165
0.7722177187537592
0.7739250138795694
0.7756049040865964
0.7772570904120901
0.7788812738932998
0.7804771555674754
0.7820444364718665
0.7835828176437227
0.7850920001202937
0.786571684938829
0.7880215731365784
0.7894413657507915
0.7908307638187178
0.7921894683776072
0.7935171804647091
0.7948136011172732
0.7960784313725491
0.7973268046241114
0.7985740346573452
0.7998200930972166
0.8010649515686916
0.8023085816967366
0.8035509551063176
0.8047920434224005
0.8060318182699517
0.8072702512739369
0.8085073140593225
0.8097429782510749
0.8109772154741595
0.8122099973535428
0.8134412955141909
0.8146710815810698
0.8158993271791457
0.8171260039333846
0.8183510834687525
0.819574537410216
0.8207963373827406
0.8220164550112928
0.8232348619208386
0.8244515297363437
0.825666430082775
0.8268795345850979
0.8280908148682788
0.8293002425572836
0.8305077892770788
0.8317134266526303
0.8329171263089039
0.8341188598708662
0.8353185989634829
0.8365163152117203
0.8377119802405446
0.8389055656749216
0.8400970431398176
0.8412863842601985
0.8424735606610309
0.8436585439672803
0.8448413058039133
0.8460218177958956
0.8472000515681933
0.848375978745773
0.8495495709536004
0.8507207998166416
0.8518896369598629
0.8530560540082299
0.8542200225867094
0.8553815143202671
0.8565405008338691
0.8576969537524817
0.8588508447010708
0.8600021453046026
0.8611508271880431
0.8622968619763586
0.863440221294515
0.8645808767674785
0.8657188000202151
0.8668539626776911
0.8679863363648725
0.8691158927067253
0.8702426033282157
0.8713664398543098
0.8724873739099736
0.8736053771201735
0.8747204211098751
0.875832477504045
0.8769415179276491
0.8780475140056534
0.8791504373630239
0.880250259624727
0.8813469524157289
0.8824404873609955
0.8835308360854927
0.8846179702141866
0.8857018613720438
0.8867824811840301
0.8878598012751115
0.8889337932702541
0.8900044287944242
0.8910716794725879
0.892135516929711
0.89319591279076
0.8942528386807006
0.8953062662244992
0.8963561670471217
0.8974025127735344
0.8984452750287034
0.8994844254375945
0.9005199356251741
0.9015517772164083
0.9025799218362629
0.9036043411097043
0.9046250066616984
0.9056418901172116
0.9066549631012097
0.907664197238659
0.9086695641545255
0.909671035473775
0.9106685828213743
0.9116621778222889
0.9126517921014852
0.9136373972839291
0.9146189649945871
0.9155964668584248
0.9165698745004083
0.9175391595455041
0.9185042936186782
0.9194652483448966
0.9204219953491255
0.9213745062563307
0.9223227526914786
0.9232667062795353
0.9242063386454666
0.9251416214142392
0.9260725262108185
0.926999024660171
0.9279210883872626
0.9288386890170598
0.9297517981745284
0.9306603874846342
0.9315644285723439
0.9324638930626233
0.9333587525804384
0.9342489787507556
0.9351345431985406
0.9360154175487599
0.9368915734263795
0.9377629824563654
0.9386296162636836
0.9394914464733004
0.9403484447101819
0.941200582599294
0.9420478317656028
0.9428901638340749
0.9437275504296758
0.9445599631773719
0.9453873737021292
0.9462097536289139
0.9470270745826919
0.9478393081884297
0.948646426071093
0.9494483998556479
0.9502452011670608
0.9510368016302976
0.9518231728703245
0.9526042865121075
0.9533801141806129
0.9541506275008061
0.9549157980976544
0.9556755975961229
0.9564299976211781
0.9571789697977862
0.9579224857509129
0.9586605171055247
0.9593930354865874
0.9601200125190674
0.9608414198279307
0.9615572290381431
0.9622674117746712
0.9629719396624807
0.9636707843265379
0.9643639173918089
0.9650513104832598
0.9657329352258566
0.9664087632445655
0.9670787661643524
0.9677429156101838
0.9684011832070253
0.9690535405798434
0.969699959353604
0.9703404111532733
0.9709748676038173
0.9716033003302024
0.972225680957394
0.9728419811103591
0.9734521724140631
0.9740562264934728
0.9746541149735535
0.9752458094792715
0.9758312816355934
0.9764105030674848
0.9769834453999121
0.9775500802578411
0.9781103792662381
0.9786643140500694
0.9792118562343005
0.979752977443898
0.9802876493038282
0.9808158434390564
0.9813375314745496
0.9818526850352731
0.9823612757461936
0.982863275232277
0.9833586551184892
0.9838473870297967
0.9843294425911652
0.984804793427561
0.9852734111639502
0.9857352674252989
0.9861903338365733
0.9866385820227391
0.9870799836087629
0.9875145102196106
0.9879421334802481
0.9883628250156419
0.9887765564507577
0.9891832994105619
0.9895830255200205
0.9899757064040994
0.9903613136877653
0.9907398189959835
0.9911111939537205
0.9914754101859428
0.9918324393176154
0.9921822529737055
0.9925248227791789
0.9928601203590015
0.9931881173381395
0.9935087853415588
0.9938220959942261
0.9941280209211066
0.9944265317471672
0.9947176000973739
0.995001197596692
0.9952772958700888
0.9955458665425295
0.9958068812389806
0.9960603115844082
0.9963061292037781
0.9965443057220568
0.9967748127642099
0.9969976219552039
0.997212704920005
0.997420033283579
0.9976195786708921
0.9978113127069103
0.9979952070165999
0.9981712332249271
0.9983393629568574
0.9984995678373576
0.9986518194913933
0.998796089543931
0.9989323496199366
0.9990605713443763
0.999180726342216
0.9992927862384219
0.99939672265796
0.9994925072257966
0.9995801115668979
0.9996595073062297
0.999730666068758
0.9997935594794495
0.9998481591632697
0.999894436745185
0.9999323638501613
0.9999619121031649
0.9999830531291617
0.9999957585531183
1.0
0.9999395831589758
0.9997590589089733
0.9994595166595976
0.9990420458204544
0.9985077358011485
0.9978576760112853
0.9970929558604702
0.9962146647583081
0.9952238921144047
0.9941217273383648
0.992909259839794
0.9915875790282972
0.99015777431348
0.9886209351049474
0.9869781508123046
0.9852305108451571
0.98337910461311
0.9814250215257686
0.9793693509927379
0.9772131824236234
0.9749576052280305
0.9726037088155641
0.9701525825958296
0.9676053159784322
0.9649629983729772
0.9622267191890697
0.9593975678363151
0.9564766337243188
0.9534650062626857
0.9503637748610211
0.9471740289289305
0.9438968578760188
0.9405333511118917
0.937084598046154
0.9335516880884112
0.9299357106482683
0.9262377551353308
0.9224589109592038
0.9186002675294928
0.9146629142558027
0.9106479405477389
0.9065564358149066
0.9023894894669111
0.8981481909133577
0.8938336295638515
0.889446894827998
0.884989076115402
0.8804612628356691
0.8758645443984044
0.8712000102132132
0.8664687496897009
0.8616718522374724
0.8568104072661332
0.8518855041852884
0.8468982324045435
0.8418496813335036
0.8367409403817737
0.8315730989589594
0.8263472464746656
0.821064472338498
0.8157258659600614
0.8103325167489613
0.8048855141148029
0.7993859474671914
0.793834906215732
0.7882334797700302
0.782582757539691
0.7768838289343196
0.7711377833635215
0.7653457102369018
0.7595086989640655
0.7536278389546184
0.7477042196181651
0.7417389303643115
0.7357330606026624
0.7296876997428231
0.723603937194399
0.7174828623669953
0.7113255646702171
0.70513313351367
0.6989066583069588
0.692647228459689
0.6863559333814656
0.6800338624818942
0.6736821051705796
0.6673017508571275
0.6608938889511431
0.6544596088622314
0.6479999999999976
0.6415161517740473
0.6350091535939855
0.6284800948694174
0.6219300650099485
0.6153601534251836
0.6087714495247285
0.602165042718188
0.5955420224151676
0.5889034780252724
0.5822504989581079
0.5755841746232789
0.5689055944303909
0.5622158477890492
0.555516024108859
0.5488072127994257
0.542090503270354
0.5353669849312498
0.528637747191718
0.521903879461364
0.5151664711497926
0.5084266116666097
0.5016853904214202
0.4949438968238294
0.48820322028344254
0.4814644502098649
0.4747286760127016
0.46799698710155796
0.4612704728860393
0.4545502227757507
0.4478373261802975
0.441132872509285
0.4344379511723185
0.427753651579003
0.421081063138944
0.41442127526174655
0.40777537735701597
0.40114445883435745
0.39452960910337653
0.387931917573678
0.38135247365486746
0.37479236675654987
0.3682526862883308
0.3617345216598151
0.35523896228060836
0.3487670975603156
0.3423200169085425
0.3358988097348935
0.3295045654489746
0.32313837346039076
0.31680132317874715
0.31049450401364903
0.3042190053747018
0.2979759166715106
0.29176632731368074
0.2855913267108175
0.27945200427252576
0.2733494494084112
0.26728475152807896
0.26125900004113417
0.25527328435718205
0.24932869388582807
0.24342631803667722
0.23756724621933492
0.23175256784340645
0.22598337231849663
0.22026074905421147
0.21458578746015558
0.20895957694593434
0.20338320692115328
0.19785776679541714
0.19238434597833146
0.18696403387950172
0.18159791990853277
0.17628709347503005
0.17103264398859858
0.16583566085884405
0.16069723349537146
0.15561845130778584
0.15060040370569266
0.14564418009869723
0.14075086989640484
0.13592156250842044
0.13115734734434922
0.12645931381379694
0.12182855132636854
0.11726614929166908
0.11277319711930409
0.10835078421887864
0.10399999999999815
0.09972193387226788
0.09551767524529271
0.09138831352867814
0.08733493813202947
0.08335863846495198
0.07946050393705098
0.0756416239579311
0.0719030879371985
0.06824598528445784
0.0646714054093146
0.06118043772137321
0.05777417163024073
0.05445369654552045
0.051220101876818566
0.048074477033740806
0.045017911425890914
0.04205149446287596
0.0391763155542999
0.03639346410976803
0.033704029538886536
0.031109101251259815
0.02860976865649317
0.026207121164191886
0.023902248183961708
0.021696239125407704
0.019590183398134276
0.017585170411747838
0.015682289575852784
0.013882630300054858
0.012187281993959576
0.01059733406717134
0.009113875929295889
0.007737996989938072
0.006470786658703852
0.005313334345197852
0.0042667294590255905
0.003332061409791915
0.0025104196071032334
0.0018028934605632796
0.0012105723797784615
0.0007345457743531815
0.000375903053893402
0.0001357336280037481
1.512690628973645e-05
0.0
0.0
0.0
0.0
0.0
0.0
0.0
0.0
0.0
0.0
0.0
0.0
0.0
0.0
0.0
0.0
0.0
0.0
0.0
0.0
0.0
0.0
0.0
0.0
0.0
0.0
0.0
0.0
0.0
0.0
0.0
0.0
0.0
0.0
0.0
0.0
0.0
0.0
0.0
0.0
0.0
0.0
0.0
0.0
0.0
0.0
0.0
0.0
0.0
0.0
0.0
0.0
0.0
0.0
0.0
0.0
0.0
0.0
0.0
0.0
0.0
0.0
0.0
0.0
0.0
0.0
0.0
0.0
0.0
0.0
0.0
0.0
0.0
0.0
0.0
0.0
0.0
0.0
0.0
0.0
0.0
0.0
0.0
0.0
0.0
0.0
0.0
0.0
0.0
0.0
0.0
0.0
0.0
0.0
0.0
0.0
0.0
0.0
0.0
0.0
0.0
0.0
0.0
0.0
0.0
0.0
0.0
0.0
0.0
0.0
0.0
0.0
0.0
0.0
0.0
0.0
0.0
0.0
0.0
0.0
0.0
0.0
0.0
0.0
0.0
0.0
0.0
0.0
0.0
0.0
0.0
0.0
0.0
0.0
0.0
0.0
0.0
0.0
0.0
0.0
0.0
0.0
0.0
0.0
0.0
0.0
0.0
0.0
0.0
0.0
0.0
0.0
0.0
0.0
0.0
0.0
0.0
0.0
0.0
0.0
0.0
0.0
0.0
0.0
0.0
0.0
0.0
0.0
0.0
0.0
0.0
0.0
0.0
0.0
0.0
0.0
0.0
0.0
0.0
0.0
0.0
0.0
0.0
0.0
0.0
0.0
0.0
0.0
0.0
0.0
0.0
0.0
0.0
0.0
0.0
0.0
0.0
0.0
0.0
0.0
0.0
0.0
0.0
0.0
0.0
0.0
0.0
0.0
0.0
0.0
0.0
0.0
0.0
0.0
0.0
0.0
0.0
0.0
0.0
0.0
0.0
0.0
0.0
0.0
0.0
0.0
0.0
0.0
0.0
0.0
0.0
0.0
0.0
0.0
0.0
0.0
0.0
0.0
0.0
0.0
0.0
0.0
0.0
0.0
0.0
0.0
0.0
0.0
0.0
0.0
0.0
0.0
0.0
0.0
0.0
0.0
0.0
0.0
0.0
0.0
0.0
0.0
0.0
0.0
0.0
0.0
0.0
0.0
0.0
0.0
0.0
0.0
0.0
0.0
0.0
0.0
0.0
0.0
0.0
0.0
0.0
0.0
0.0
0.0
0.0
0.0
0.0
0.0
0.0
0.0
0.0
0.0
0.0
0.0
0.0
0.0
0.0
0.0
0.0
0.0
0.0
0.0
0.0
0.0
0.0
0.0
0.0
0.0
0.0
0.0
0.0
0.0
0.0
0.0
0.0
0.0
0.0
0.0
0.0
0.0
0.0
0.0
0.0
0.0
0.0
0.0
0.0
0.0
0.0
0.0
0.0
0.0
0.0
0.0
0.0
0.0
0.0
0.0
0.0
0.0
0.0
0.0
0.0
0.0
0.0
0.0
0.0
0.0
0.0
0.0
0.0
0.0
0.0
0.0
0.0
0.0
0.0
