0.027450980392156862
0.029902617690627582
0.03235555227578101
0.03480975935869964
0.03726521415046597
0.0397218918621625
0.04217976770487172
0.04463881688967614
0.04709901462765824
0.04956033612990052
0.05202275660748547
0.0544862512714956
0.056950795333013414
0.05941636400312137
0.06188293249290199
0.06435047601343777
0.06681896977581121
0.0692883889911048
0.07175870887040102
0.07422990462478239
0.0767019514653314
0.07917482460313054
0.0816484992492623
0.0841229506148092
0.08659815391085371
0.08907408434847836
0.0915507171387656
0.09402802749279796
0.09650599062165792
0.09898458173642796
0.10146377604819064
0.1039435487680284
0.10642387510702372
0.10890473027625915
0.11138608948681716
0.11386792794978023
0.1163502208762309
0.11883294347725162
0.12131607096392492
0.12379957854733328
0.12628344143855919
0.12876763484868514
0.13125213398879365
0.1337369140699672
0.13622195030328832
0.13870721789983947
0.14119269207070312
0.1436783480269618
0.14616416097969803
0.1486501061399943
0.15113615871893307
0.15362229392759685
0.15610848697706808
0.15859471307842943
0.1610809474427632
0.163567165281152
0.16605334180467826
0.16853945222442454
0.17102547175147328
0.17351137559690705
0.17599713897180824
0.17848273708725942
0.18096814515434312
0.1834533383841417
0.1859382919877378
0.18842298117621387
0.19090738116065234
0.19339146715213582
0.19587521436174668
0.19835859800056752
0.2008415932796808
0.20332417541016895
0.20580631960311457
0.20828800106960016
0.21076919502070818
0.21324987666752104
0.21573002122112137
0.21820960389259159
0.2206885998930142
0.22316698443347172
0.22564473272504665
0.2281218199788215
0.23059822140587868
0.23307391221730075
0.23554886762417024
0.23802306283756958
0.24049647306858132
0.24296907352828792
0.24544083942777192
0.24791174597811574
0.2503817683904019
0.252850881875713
0.2553190616451313
0.25778628290973954
0.2602525208806201
0.2627177507688555
0.2651819477855283
0.2676450871417208
0.2701071440485157
0.27256809371699553
0.2750279113582425
0.2774865721833394
0.27994405140336853
0.28240032422941247
0.2848553658725538
0.2873091515438748
0.2897616564544582
0.29221285581538636
0.29466272483774175
0.29711123873260703
0.2995583727110645
0.3020041019841968
0.3044484017630863
0.3068912472588156
0.3093326136824672
0.3117724762451235
0.31421081015786706
0.31664759063178033
0.319082792877946
0.32151639210744626
0.3239483635313638
0.3263786823607811
0.3288073238067807
0.33123426308044485
0.3336594753928563
0.33608293595509753
0.33850461997825093
0.340924502673399
0.3433425592516243
0.34575876492400937
0.34817309490163656
0.35058552439558843
0.3529960286169475
0.3554045827767963
0.3578111620862173
0.3602157417562929
0.36261829699810577
0.3650188030227382
0.3674172350412729
0.36981356826479217
0.3722077779043787
0.3745998391711148
0.37698972727608304
0.37937741743036596
0.38176288484504606
0.3841461047312057
0.38652705229992756
0.38890570276229414
0.39128203132938766
0.39365601321229093
0.39602762362208627
0.3983968377698561
0.4007636308666832
0.4031279781236499
0.40548985475183863
0.40784923596233197
0.41020609696621246
0.41256041297456253
0.4149121591984647
0.41726131084900137
0.4196078431372552
0.421960743068243
0.4243288887681513
0.4267120921298165
0.4291101650460751
0.4315229194097636
0.43395016711371864
0.43639172005077653
0.43884739011377394
0.44131698919554724
0.4438003291889331
0.446297221986768
0.44880747948188826
0.4513309135671307
0.4538673361353316
0.45641655907932754
0.458978394291955
0.46155265366605047
0.4641391490944506
0.46673769246999175
0.4693480956855105
0.47197017063384333
0.47460372920782684
0.4772485833002974
0.47990454480409156
0.482571425612046
0.48524903761699695
0.48793719271178115
0.49063570278923496
0.493344379742195
0.4960630354634976
0.4987914818459796
0.5015295307824772
0.504276994165827
0.5070336838888655
0.5097994118444292
0.5125739899253549
0.5153572300244786
0.5181489440346374
0.5209489438486672
0.5237570413594049
0.5265730484596869
0.5293967770423497
0.5322280390002295
0.5350666462261636
0.5379124106129879
0.5407651440535391
0.5436246584406536
0.5464907656671679
0.5493632776259187
0.5522420062097424
0.5551267633114755
0.5580173608239545
0.5609136106400159
0.5638153246524962
0.5667223147542321
0.5696343928380597
0.572551370796816
0.5754730605233371
0.5783992739104599
0.5813298228510205
0.5842645192378557
0.587203174963802
0.5901456019216959
0.5930916120043734
0.5960410171046718
0.5989936291154272
0.6019492599294762
0.6049077214396552
0.607868825538801
0.6108323841197497
0.6137982090753381
0.6167661122984026
0.6197359056817797
0.622707401118306
0.625680410500818
0.6286547457221521
0.6316302186751449
0.6346066412526328
0.6375838253474524
0.6405615828524401
0.6435397256604328
0.6465180656642665
0.6494964147567781
0.6524745848308039
0.6554523877791804
0.6584296354947442
0.6614061398703317
0.6643817127987797
0.6673561661729243
0.6703293118856023
0.67330096182965
0.6762709278979042
0.6792390219832011
0.6822050559783773
0.6851688417762695
0.6881301912697141
0.6910889163515476
0.6940448289146063
0.696997740851727
0.6999474640557461
0.7028938104195003
0.7058365918358258
0.708775620197559
0.711710707397537
0.7146416653285959
0.717568305883572
0.7204904409553023
0.7234078824366231
0.726320442220371
0.7292279321993824
0.7321301642664936
0.7350269503145416
0.7379181022363624
0.740803431924793
0.7436827512726695
0.7465558721728286
0.7494226065181068
0.7522827662013405
0.7551361631153664
0.757982609153021
0.7608219162071407
0.7636538961705619
0.7664783609361214
0.7692951223966553
0.7721039924450007
0.7749047829739937
0.7776973058764708
0.7804813730452685
0.7832567963732237
0.7860233877531725
0.7887809590779514
0.7915293222403973
0.7942682891333462
0.7969976716496351
0.7997172816821
0.802426931123578
0.805126431866905
0.807815595804918
0.8104942348304531
0.8131621608363472
0.8158191857154364
0.8184651213605577
0.8210997796645473
0.8237229725202418
0.8263345118204776
0.8289342094580913
0.8315218773259193
0.8340973273167984
0.8366603713235649
0.8392108212390551
0.841748488956106
0.8442731863675538
0.8467847253662351
0.8492829178449861
0.8517675756966437
0.8542385108140444
0.8566955350900246
0.8591384604174207
0.8615670986890694
0.8639812617978072
0.8663807616364704
0.8687654100978958
0.8711350190749194
0.8734894004603784
0.8758283661471089
0.8781517280279474
0.8804592979957306
0.882750887943295
0.8850263097634767
0.887285375349113
0.8895278965930397
0.8917536853880934
0.893962553627111
0.8961543132029288
0.8983287760083831
0.9004857539363107
0.9026250588795481
0.9047465027309316
0.9068498973832978
0.9089350547294833
0.9110017866623246
0.9130499050746582
0.9150792218593203
0.9170895489091478
0.919080698116977
0.9210524813756448
0.9230047105779869
0.9249371976168407
0.9268497543850422
0.9287421927754282
0.930614324680835
0.9324659619940989
0.9342969166080569
0.9361070004155454
0.9378960253094005
0.9396638031824593
0.9414101459275579
0.9431348654375329
0.9448377736052209
0.9465186823234583
0.9481774034850815
0.9498137489829275
0.951427530709832
0.9530185605586323
0.9545866504221645
0.9561316121932654
0.957653257764771
0.9591513990295182
0.9606258478803437
0.9620764162100836
0.9635029159115743
0.9649051588776528
0.9662829570011554
0.9676361221749185
0.9689644662917787
0.9702678012445727
0.9715459389261366
0.9727986912293071
0.9740258700469208
0.9752272872718144
0.9764027547968238
0.977552084514786
0.9786750883185376
0.9797715781009145
0.9808413657547538
0.9818842631728919
0.982900082248165
0.98388863487341
0.984849732941463
0.985783188345161
0.9866888129773405
0.9875664187308372
0.9884158174984885
0.9892368211731305
0.9900292416475999
0.9907928908147331
0.9915275805673667
0.9922331227983368
0.9929093294004806
0.9935560122666339
0.9941729832896339
0.9947600543623166
0.995317037377519
0.995843744228077
0.9963399868068273
0.9968055770066068
0.9972403267202516
0.9976440478405983
0.9980165522604835
0.9983576518727436
0.9986671585702153
0.998944884245735
0.9991906407921388
0.999404240102264
0.9995854940689466
0.9997342145850234
0.9998502135433304
0.9999333028367046
0.9999832943579823
1.0
0.9999888825845594
0.9999556095122126
0.9999002995439218
0.9998230714406489
0.9997240439633562
0.9996033358730059
0.9994610659305598
0.9992973528969805
0.9991123155332301
0.9989060726002704
0.9986787428590637
0.9984304450705723
0.9981612979957581
0.9978714203955837
0.9975609310310107
0.9972299486630014
0.9968785920525183
0.996506979960523
0.996115231147978
0.9957034643758453
0.9952717984050873
0.9948203519966657
0.9943492439115429
0.9938585929106811
0.9933485177550425
0.9928191372055891
0.992270570023283
0.9917029349690865
0.9911163508039615
0.9905109362888704
0.9898868101847754
0.9892440912526382
0.9885828982534215
0.9879033499480872
0.9872055650975974
0.9864896624629141
0.9857557608049999
0.9850039788848166
0.9842344354633263
0.9834472493014914
0.9826425391602739
0.9818204238006358
0.9809810219835398
0.9801244524699472
0.9792508340208208
0.9783602853971225
0.9774529253598145
0.976528872669859
0.9755882460882179
0.9746311643758537
0.9736577462937283
0.9726681106028038
0.9716623760640426
0.9706406614384068
0.9696030854868583
0.9685497669703594
0.9674808246498723
0.9663963772863591
0.965296543640782
0.9641814424741029
0.9630511925472841
0.9619059126212879
0.9607457214570763
0.9595707378156115
0.9583810804578555
0.9571768681447707
0.955958219637319
0.9547252536964627
0.9534780890831639
0.9522168445583845
0.950941638883087
0.9496525908182335
0.9483498191247862
0.947033442563707
0.9457035798959581
0.9443603498825018
0.9430038712843001
0.9416342628623152
0.9402516433775092
0.9388561315908445
0.9374478462632829
0.9360269061557865
0.9345934300293178
0.9331475366448387
0.9316893447633116
0.9302189731456983
0.9287365405529612
0.9272421657460623
0.9257359674859639
0.924218064533628
0.9226885756500167
0.9211476195960923
0.9195953151328169
0.9180317810211526
0.9164571360220616
0.9148714988965059
0.913274988405448
0.9116677233098496
0.9100498223706731
0.9084214043488806
0.9067825880054343
0.9051334921012963
0.9034742353974288
0.9018049366547938
0.9001257146343535
0.8984366880970701
0.8967379758039058
0.8950296965158225
0.8933119689937826
0.8915849119987481
0.8898486442916814
0.8881032846335445
0.8863489517852993
0.884585764507908
0.8828138415623331
0.8810333017095365
0.8792442637104805
0.8774468463261269
0.8756411683174381
0.8738273484453762
0.8720055054709035
0.8701757581549819
0.8683382252585737
0.866493025542641
0.864640277768146
0.8627801006960507
0.8609126130873174
0.8590379337029082
0.857156181303785
0.8552674746509102
0.8533719325052462
0.8514696736277546
0.849560816779398
0.8476454807211382
0.8457237842139376
0.8437958460187581
0.8418617848965622
0.8399217196083116
0.8379757689149689
0.8360240515774958
0.834066686356855
0.8321037920140081
0.8301354873099175
0.8281618910055454
0.8261831218618535
0.8241992986398046
0.8222105401003605
0.8202169650044834
0.8182186921131354
0.8162158401872788
0.8142085279878755
0.8121968742758878
0.8101809978122777
0.8081610173580076
0.8061370516740395
0.8041092195213356
0.802077639660858
0.8000424308535689
0.7980037118604301
0.7959616014424044
0.7939162183604533
0.7918676813755393
0.7898161092486246
0.7877616207406711
0.7857043346126411
0.7836443696254968
0.7815818445402001
0.7795168781177133
0.7774495891189986
0.7753800963050183
0.7733085184367339
0.7712349742751083
0.7691595825811033
0.767082462115681
0.7650037316398037
0.7629235099144335
0.7608419157005324
0.7587590677590628
0.7566750848509864
0.754590085737266
0.7525041891788633
0.7504175139367406
0.7483301787718597
0.7462423024451833
0.7441540037176732
0.7420654013502915
0.7399766141040006
0.7378877607397626
0.7357989600185393
0.7337103307012933
0.7316219915489865
0.7295340613225811
0.7274466587830393
0.725359902691323
0.7232739118083947
0.7211888048952163
0.7191047007127502
0.7170217180219582
0.7149399755838027
0.7128595921592458
0.7107806865092495
0.7087033773947761
0.7066277835767876
0.7045540238162463
0.7024822168741144
0.7004124815113538
0.6983449364889268
0.6962797005677955
0.6942168925089223
0.6921566310732689
0.6900990350217976
0.6880442231154706
0.6859923141152502
0.6839434267820984
0.6818976798769775
0.6798551921608492
0.6778160823946761
0.67578046933942
0.6737484717560434
0.6717202084055082
0.6696957980487765
0.6676753594468107
0.6656560559077012
0.6636202799483757
0.6615652114195353
0.6594909863439968
0.6573977407445774
0.6552856106440932
0.6531547320653615
0.6510052410311988
0.6488372735644222
0.6466509656878484
0.6444464534242941
0.6422238727965759
0.639983359827511
0.6377250505399158
0.6354490809566075
0.6331555871004023
0.6308447049941177
0.6285165706605701
0.6261713201225763
0.6238090894029531
0.6214300145245174
0.6190342315100859
0.6166218763824753
0.6141930851645026
0.6117479938789845
0.6092867385487376
0.606809455196579
0.6043162798453253
0.6018073485177933
0.5992827972368001
0.596742762025162
0.594187378905696
0.5916167839012191
0.5890311130345477
0.586430502328499
0.5838150878058894
0.5811850054895359
0.5785403914022552
0.5758813815668642
0.5732081120061798
0.5705207187430185
0.5678193378001972
0.5651041052005329
0.562375156966842
0.5596326291219417
0.5568766576886485
0.5541073786897791
0.5513249281481507
0.5485294420865797
0.5457210565278833
0.5428999074948777
0.5400661310103801
0.5372198630972075
0.5343612397781762
0.5314903970761033
0.5286074710138053
0.5257125976140993
0.522805912899802
0.5198875528937302
0.5169576536187007
0.5140163510975301
0.5110637813530355
0.5081000804080336
0.5051253842853408
0.5021398290077744
0.4991435505981509
0.4961366850792873
0.49311936847400023
0.49009173680510665
0.4870539260954232
0.48400607236776655
0.48094831164495366
0.4778807799498015
0.47480361330512655
0.47171694773374573
0.46862091925847577
0.46551566390213356
0.4624013176875359
0.4592780166374994
0.4561458967748411
0.45300509412237755
0.44985574470292566
0.44669798453930226
0.44353194965432413
0.440357776070808
0.4371755998115706
0.4339855568994289
0.4307877833571996
0.42758241520769935
0.42436958847374534
0.42114943917815384
0.417922103343742
0.4146877169933265
0.41144641614972416
0.4081983368357518
0.4049436150742261
0.40168238688796387
0.39841478829978205
0.3951409553324972
0.3918610240089264
0.38857513035188607
0.3852834103841934
0.38198600012866485
0.3786830356081174
0.3753746528453678
0.37206098786323283
0.36874217668452924
0.3654183553320739
0.3620896598286835
0.358756226197175
0.355418190460365
0.35207568864107036
0.3487288567621079
0.3453778308462944
0.3420227469164467
0.3386637409953815
0.3353009491059156
0.33193450727086593
0.328564551513049
0.3251912178552818
0.32181464232038115
0.3184349609311638
0.3150523097104465
0.311666824681046
0.3082786418657793
0.30488789728746285
0.3014947269689137
0.29809926693294864
0.29470165320238434
0.29130202180003767
0.2879005087487253
0.28449725007126425
0.28109238179047114
0.2776860399291628
0.27427836051015597
0.2708694795562675
0.2674595330903142
0.2640486571351128
0.2606369877134802
0.25722466084823303
0.25381181256218815
0.2503985788781624
0.24698509581897254
0.2435714994074354
0.24015792566636768
0.23674451061858615
0.2333313902869077
0.22991870069414913
0.2265065778631272
0.22309515781665865
0.2196845765775603
0.21627497016864894
0.2128664746127414
0.20945922593265448
0.2060533601512049
0.2026490132912094
0.19924632137548492
0.19584542042684822
0.19244644646811607
0.18904953552210518
0.1856548236116324
0.18226244675951456
0.1788725409885684
0.17548524232161078
0.17210068678145837
0.16871901039092807
0.16534034917283658
0.1619648391500008
0.15859261634523744
0.15522381678136335
0.1518585764811952
0.14849703146754992
0.14513931776324424
0.14178557139109493
0.1384359283739188
0.13509052473453265
0.13174949649575327
0.1284129796803975
0.12508111031128205
0.12175402441122371
0.11843185800303928
0.11511474710954564
0.11180282775355944
0.10849623595789763
0.10519510774537681
0.10189957913881394
0.09860978616102571
0.09532586483482901
0.09204795118304049
0.08877618122847701
0.08551069099395542
0.08225161650229247
0.07899909377630487
0.07575325883880951
0.07251424771262312
0.06928219642056256
0.06605724098544455
0.06283951743008595
0.05962916177730349
0.05642631004991397
0.05323109827073421
0.050043662462580976
0.04686413864827106
0.0436926628506213
0.040529371092448314
0.03737439939656917
0.03422788378580045
0.03108996028295909
0.027960764910861705
0.02484043369232516
0.02172910265016635
0.01862690780720191
0.015533985186248753
0.012450470810123574
0.009376500701643233
0.006312210883624477
0.003257737378884113
0.00021321621023897216
0.0028212165994941966
0.0058454250274986444
0.00885927305095754
0.01186262464705402
0.014855343792971395
0.01783729446589283
0.020808340643001636
0.02376834630148084
0.02671717541851377
0.029654691971283547
0.032580759936973555
0.0354952432927668
0.038398006015846725
0.04128891208339628
0.044167825472598676
0.047034610160637425
0.04988913012469553
0.05273124934195621
0.05556083178960257
0.05837774144481796
0.06118184228478564
0.0639729982866888
0.06675107342771047
0.06951593168503402
0.07226743703584258
0.07500545345731939
0.07772984492664774
0.08044047542101078
0.08313720891759163
0.08581990939357358
0.08848844082613977
0.09114266719247373
0.09378245246975826
0.09640766063517663
0.0990181556659122
0.1016138015391483
0.10419446223206778
0.10676000172185401
0.10931028398569019
0.11184517300075963
0.11436453274424563
0.11686822719333105
0.11935612032519935
0.12182807611703347
0.12428395854601715
0.12672363158933306
0.12914695922416466
0.1315538054276952
0.13394403417710765
0.13631750944958554
0.13867409522231205
0.14101365547247
0.143336054177243
0.14564115531381394
0.1479288228593664
0.15019892079108332
0.15245131308614795
0.15468586372174367
0.15690243667505344
0.15910089592326077
0.1612811054435485
0.16344292921310002
0.16558623120909863
0.16771087540872737
0.16981672578916954
0.1719036463276084
0.17397150100122702
0.17602015378720876
0.1780494686627367
0.1800593096049942
0.18204954059116446
0.18402002559843028
0.18597062860397542
0.18790121358498293
0.18981164451863583
0.19170178538211755
0.19357150015261101
0.19542065280729987
0.1972491073233669
0.19905672767799565
0.20084337784836903
0.20260892181167034
0.20435322354508306
0.20607614702578994
0.20777755623097457
0.20945731513782004
0.21111528772350938
0.2127513379652262
0.21436532984015325
0.2159571273254741
0.21752659439837183
0.2190735950360295
0.2205979932156305
0.222099652914358
0.22357843810939512
0.22503421277792535
0.22646684089713143
0.22787618644419713
0.22926211339630514
0.230624485730639
0.231963167424382
0.23327802245471682
0.2345689147988272
0.23583570843389617
0.23707826733710682
0.23829645548564257
0.23949013685668652
0.240659175427422
0.241803435175032
0.24292278007669998
0.24401707410960854
0.24508618125094184
0.24612996547788238
0.24714829076761374
0.24814102109731892
0.2491080204441815
0.250049152785384
0.2509642820981101
0.251853272359543
0.2527159875468655
0.2535522916372616
0.25436204860791384
0.25514512243600573
0.2559013770987203
0.25663067657324085
0.25733288483675065
0.2580078658664331
0.25865548363947066
0.25927560213304746
0.25986808532434624
0.2604327971905502
0.2609696017088423
0.2614783628564062
0.2619589446104249
0.2624112109480818
0.26283502584656027
0.26323025328304284
0.26359675723471326
0.2639344016787544