0.0
0.000781764296084676
0.0015584938699471295
0.0023302849264705884
0.003097233670538279
0.0038594363070334294
0.004616989040839265
0.005369988076839016
0.006118529619915908
0.006862709874953167
0.007602625046834021
0.0083383713404417
0.009070044960659426
0.00979774211237043
0.010521559000457937
0.011241591829805175
0.011957936805295373
0.012670690131811753
0.013379948014237548
0.014085806657455983
0.014788362266350283
0.01548771104580368
0.016183949200699394
0.01687717293592066
0.0175674784563507
0.01825496196687275
0.018939719672370018
0.019621847777725753
0.020301442487823167
0.020978600007545492
0.02165341654177596
0.02232598829539779
0.022996411473294214
0.02366478228034846
0.02433119692144375
0.024995751601463317
0.025658542525290387
0.02631966589780818
0.02697921792389994
0.027637294808448877
0.02829399275633822
0.02894940797245121
0.029603636661671054
0.030256775028880998
0.030908919278964258
0.031560165616804074
0.032210610247283646
0.03286034937528623
0.03350947920569503
0.03415809594339331
0.034806295793264254
0.03545417496019111
0.0361018296490571
0.03674935606474546
0.0373968504121394
0.03804440889612217
0.03869212772157698
0.03934010309338707
0.03998843121643565
0.04063720829560596
0.04128653053578122
0.041936494141844666
0.042587195318679515
0.043238730271169
0.04389119520419635
0.0445446863226448
0.04519929983139755
0.04585513193533786
0.046512278839348935
0.047170836748314016
0.0478309018671163
0.04849257040063905
0.04915593855376548
0.04982110253137883
0.050488158538362304
0.051157202779599134
0.05182833145997255
0.0525016407843658
0.053177226957662076
0.053855186184744636
0.05453561467049669
0.055218608619801456
0.05590426423754219
0.056592677728602096
0.05728394529786441
0.05797816315021235
0.05867542749052917
0.05937583452369806
0.06007948045460227
0.06078646148812501
0.06149687382914955
0.06221081368255906
0.0629283772532368
0.06364966074606598
0.06437476036592986
0.06510377231771164
0.06583679280629454
0.0665739180365618
0.06731524421339667
0.06806086754168233
0.06881088422630204
0.06956539047213901
0.0703244824840765
0.07108825646699768
0.07185680862578582
0.07263023516532414
0.07340863229049588
0.07419209620618422
0.07498072311727244
0.07577460922864376
0.07657385074518136
0.07737854387176853
0.07818878481328843
0.07900466977462435
0.0798262949606595
0.08065375657627709
0.08148715082636034
0.08232657391579251
0.0831721220494568
0.08402389143223644
0.08488197826901468
0.08574647876467474
0.08661748912409985
0.08749510555217319
0.08837942425377802
0.08927054143379759
0.09016855329711511
0.09107355604861378
0.09198564589317688
0.09290491903568762
0.09383147168102918
0.09476540003408485
0.0957068002997378
0.09665576868287133
0.0976124013883686
0.09857679462111286
0.09954904458598735
0.10052924748787528
0.1015174995316599
0.1025138969222244
0.10351853586445203
0.10453151256322604
0.10555292322342961
0.10658286404994599
0.1076214312476584
0.10866872102145009
0.10972482957620426
0.11078985311680416
0.11186388784813299
0.11294702997507403
0.11403937570251041
0.11514102123532546
0.11625206277840235
0.11737259653662434
0.11850271871487462
0.11964252551803643
0.12079211315099302
0.12195157781862759
0.12312101572582337
0.12430052307746359
0.1254901960784315
0.12670923722830654
0.1279765230172901
0.12929166063619824
0.13065425727584706
0.13206392012705265
0.1335202563806311
0.13502287322739848
0.13657137785817086
0.1381653774637644
0.1398044792349951
0.1414882903626791
0.1432164180376325
0.1449884694506713
0.14680405179261166
0.1486627722542697
0.15056423802646138
0.15250805630000291
0.15449383426571034
0.15652117911439972
0.15858969803688716
0.16069899822398878
0.16284868686652063
0.1650383711552988
0.16726765828113935
0.16953615543485845
0.1718434698072721
0.17418920858919643
0.1765729789714475
0.17899438814484142
0.1814530433001943
0.18394855162832216
0.18648052032004112
0.1890485565661673
0.19165226755751671
0.1942912604849055
0.19696514253914973
0.19967352091106552
0.20241600279146893
0.20519219537117606
0.20800170584100297
0.21084414139176574
0.21371910921428053
0.21662621649936334
0.21956507043783027
0.22253527822049746
0.22553644703818093
0.22856818408169682
0.2316300965418612
0.23472179160949014
0.23784287647539978
0.24099295833040615
0.2441716443653253
0.24737854177097346
0.2506132577381666
0.2538753994577208
0.25716457412045224
0.26048038891717684
0.2638224510387108
0.2671903676758703
0.27058374601947127
0.2740021932603299
0.2774453165892622
0.28091272319708427
0.2844040202746122
0.2879188150126621
0.2914567146020501
0.29501732623359217
0.29860025709810445
0.3022051143864031
0.3058315052893041
0.3094790369976235
0.3131473167021776
0.3168359515937823
0.3205445488632537
0.324272715701408
0.32802005929906114
0.3317861868470293
0.33557070553612856
0.33937322255717495
0.34319334510098465
0.34703068035837364
0.3508848355201582
0.3547554177771541
0.35864203432017766
0.36254429234004487
0.3664617990275719
0.37039416157357485
0.37434098716886965
0.3783018830042726
0.3822764562705995
0.38626431415866663
0.39026506385929016
0.39427831256328616
0.3983036674614705
0.4023407357446594
0.40638912460366894
0.4104484412293153
0.4145182928124143
0.4185982865437824
0.4226880296142353
0.4267871292145894
0.4308951925356606
0.4350118267682651
0.43913663910321893
0.4432692367313381
0.44740922684343887
0.4515562166303372
0.45570981328284915
0.459869623991791
0.4640352559479787
0.46820631634222826
0.4723824123653559
0.47656315120817755
0.48074814006150945
0.48493698611616765
0.4891292965629683
0.4933246785927272
0.4975227393962608
0.5017230861643851
0.505925326087916
0.5101290663576699
0.5143339141644623
0.51853947669911
0.5227453611524286
0.5269511747152346
0.5311565245783435
0.535361017932572
0.5395642619687357
0.543765863877651
0.5479654308501339
0.5521625700770004
0.5563568887490667
0.560547994057149
0.5647354931920631
0.5689189933446251
0.5730981017056512
0.5772724254659578
0.5814415718163604
0.5856051479476755
0.5897627610507189
0.593914018316307
0.5980585269352557
0.6021958940983811
0.606325726996499
0.6104476328204261
0.6145612187609782
0.6186660920089714
0.6227618597552217
0.626848129190545
0.6309245075057577
0.6349906018916759
0.6390460195391156
0.6430903676388929
0.6471232533818236
0.6511442839587244
0.6551530665604108
0.6591492083776991
0.6631323166014056
0.667101998422346
0.6710578610313367
0.6749995116191936
0.678926557376733
0.6828386054947707
0.6867352631641229
0.6906161375756059
0.6944808359200355
0.6983289653882279
0.702160133170999
0.7059739464591652
0.7097700124435425
0.713547938314947
0.7173073312641944
0.7210477984821014
0.7247689471594838
0.7284703844871577
0.7321517176559389
0.7358125538566439
0.7394525002800887
0.7430711641170892
0.7466681525584618
0.7502430727950221
0.7537955320175866
0.7573251374169716
0.7608314961839926
0.7643142155094657
0.7677729025842074
0.7712071645990342
0.7746166087447609
0.7780008422122043
0.7813594721921808
0.784692105875506
0.7879983504529964
0.7912778131154674
0.7945301010537358
0.7977548214586173
0.8009515815209282
0.8041199884314845
0.8072596493811021
0.8103701715605973
0.8134511621607865
0.8165022283724849
0.8195229773865094
0.8225130163936758
0.8254719525848004
0.8283993931506987
0.8312949452821872
0.8341582161700819
0.836988813005199
0.8397863429783549
0.8425504132803647
0.8452806311020457
0.8479766036342131
0.8506379380676832
0.8532642415932722
0.8558551214017963
0.8584101846840713
0.8609290386309132
0.8634112904331385
0.8658565472815631
0.8682644163670031
0.8706345048802745
0.8729664200121935
0.875259768953576
0.8775141588952383
0.8797291970279965
0.8819044905426666
0.8840396466300646
0.8861342724810066
0.8881879752863089
0.8902003622367873
0.8921710405232581
0.8940996173365373
0.895985699867441
0.8978288953067853
0.8996288108453864
0.9013850536740599
0.9030972309836226
0.9047649499648901
0.9063878178086785
0.9079654417058043
0.9094974288470831
0.9109833864233311
0.9124229216253645
0.9138156416439995
0.9151611536700519
0.9164590648943379
0.9177089825076737
0.9189105137008754
0.920063265664759
0.9211668455901406
0.9222208606678357
0.9232249180886615
0.9241786250434335
0.9250815887229676
0.9259334163180805
0.9267337150195872
0.9274820920183049
0.9281781545050497
0.9288215096706365
0.9294117647058826
0.9299745490076392
0.9305357481148002
0.9310953534312437
0.9316533563608481
0.932209748307492
0.9327645206750533
0.9333176648674111
0.933869172288443
0.9344190343420279
0.934967242432044
0.9355137879623696
0.9360586623368831
0.9366018569594631
0.9371433632339875
0.937683172564335
0.938221276354384
0.9387576660080128
0.9392923329290999
0.9398252685215231
0.9403564641891616
0.9408859113358933
0.9414136013655966
0.9419395256821499
0.9424636756894316
0.94298604279132
0.9435066183916938
0.9440253938944309
0.9445423607034098
0.9450575102225092
0.945570833855607
0.946082323006582
0.9465919690793122
0.9470997634776761
0.9476056976055522
0.9481097628668188
0.9486119506653542
0.9491122524050368
0.9496106594897451
0.9501071633233575
0.9506017553097519
0.9510944268528073
0.9515851693564016
0.9520739742244134
0.9525608328607211
0.9530457366692028
0.9535286770537372
0.9540096454182027
0.9544886331664774
0.9549656317024396
0.955440632429968
0.9559136267529409
0.9563846060752366
0.9568535618007333
0.9573204853333097
0.957785368076844
0.9582482014352146
0.9587089768122997
0.959167685611978
0.9596243192381275
0.960078869094627
0.9605313265853547
0.9609816831141887
0.9614299300850077
0.9618760589016898
0.9623200609681137
0.9627619276881576
0.9632016504656998
0.9636392207046187
0.964074629808793
0.9645078691821006
0.9649389302284199
0.9653678043516297
0.965794482955608
0.9662189574442333
0.9666412192213838
0.9670612596909383
0.9674790702567747
0.9678946423227716
0.9683079672928074
0.9687190365707602
0.9691278415605088
0.9695343736659312
0.9699386242909059
0.9703405848393114
0.9707402467150261
0.9711376013219281
0.9715326400638957
0.9719253543448078
0.9723157355685423
0.9727037751389778
0.9730894644599924
0.9734727949354649
0.9738537579692733
0.9742323449652962
0.9746085473274119
0.9749823564594986
0.975353763765435
0.9757227606490991
0.9760893385143697
0.9764534887651247
0.976815202805243
0.9771744720386025
0.9775312878690818
0.9778856417005592
0.978237524936913
0.9785869289820218
0.9789338452397639
0.9792782651140175
0.9796201800086611
0.9799595813275731
0.9802964604746318
0.9806308088537156
0.980962617868703
0.9812918789234721
0.9816185834219013
0.9819427227678694
0.9822642883652541
0.9825832716179344
0.9828996639297883
0.9832134567046944
0.9835246413465307
0.9838332092591761
0.9841391518465084
0.9844424605124065
0.9847431266607485
0.9850411416954125
0.9853364970202775
0.9856291840392215
0.9859191941561228
0.98620651877486
0.9864911492993113
0.9867730771333553
0.9870522936808699
0.9873287903457341
0.9876025585318257
0.9878735896430234
0.9881418750832056
0.9884074062562505
0.9886701745660365
0.9889301714164421
0.9891873882113452
0.9894418163546249
0.9896934472501592
0.9899422723018265
0.9901882829135051
0.9904314704890737
0.99067182643241
0.990909342147393
0.9911440090379009
0.9913758185078119
0.9916047619610044
0.9918308308013569
0.9920540164327479
0.9922743102590557
0.9924917036841583
0.9927061881119346
0.9929177549462627
0.9931263955910208
0.9933321014500873
0.9935348639273412
0.9937346744266602
0.9939315243519229
0.9941254051070078
0.9943163080957929
0.9945042247221569
0.9946891463899782
0.9948710645031348
0.9950499704655053
0.9952258556809682
0.9953987115534018
0.9955685294866844
0.9957353008846944
0.9958990171513102
0.99605966969041
0.9962172499058726
0.9963717492015758
0.9965231589813983
0.9966714706492187
0.9968166756089148
0.9969587652643652
0.9970977310194487
0.9972335642780432
0.9973662564440272
0.9974957989212789
0.9976221831136771
0.9977454004250993
0.9978654422594252
0.997982300020532
0.9980959651122988
0.9982064289386035
0.9983136829033247
0.9984177184103409
0.9985185268635302
0.9986160996667708
0.9987104282239415
0.9988015039389206
0.9988893182155865
0.9989738624578174
0.9990551280694917
0.9991331064544878
0.9992077890166842
0.999279167159959
0.9993472322881907
0.9994119758052579
0.9994733891150384
0.9995314636214113
0.9995861907282545
0.9996375618394464
0.9996855683588656
0.9997302016903902
0.9997714532378986
0.9998093144052693
0.9998437765963809
0.9998748312151113
0.999902469665339
0.9999266833509426
0.9999474636758005
0.9999648020437907
0.9999786898587917
0.999989118524682
0.9999960794453399
0.9999995640246437
0.999989195919856
0.9999029896738652
0.9997311557472925
0.9994742978605656
0.9991330197341112
0.9987079250883567
0.9981996176437292
0.9976087011206558
0.9969357792395634
0.9961814557208795
0.995346334285031
0.9944310186524452
0.9934361125435491
0.9923622196787699
0.9912099437785347
0.9899798885632706
0.9886726577534046
0.9872888550693641
0.9858290842315763
0.9842939489604682
0.9826840529764665
0.9809999999999991
0.9792423937514927
0.9774118379513743
0.9755089363200715
0.973534292578011
0.9714885104456201
0.9693721936433258
0.9671859458915555
0.9649303709107362
0.9626060724212949
0.9602136541436591
0.9577537197982555
0.9552268731055115
0.9526337177858539
0.9499748575597103
0.9472508961475075
0.9444624372696728
0.9416100846466334
0.9386944419988161
0.9357161130466484
0.9326757015105572
0.9295738111109698
0.926411045568313
0.9231880086030143
0.9199053039355009
0.9165635352861995
0.9131633063755374
0.909705220923942
0.9061898826518401
0.902617895279659
0.8989898625278258
0.8953063881167677
0.8915680757669117
0.887775529198685
0.8839293521325147
0.8800301482888279
0.8760785213880518
0.8720750751506136
0.8680204132969401
0.863915139547459
0.859759857622597
0.8555551712427814
0.8513016841284391
0.8469999999999976
0.8426507225778839
0.838254455582525
0.8338118027343481
0.8293233677537802
0.8247897543612488
0.8202115662771806
0.8155894072220031
0.8109238809161432
0.806215591080028
0.801465141434085
0.796673135698741
0.791840177594423
0.7869668708415585
0.7820538191605745
0.7771016262718978
0.7721108958959562
0.7670822317531762
0.7620162375639853
0.7569135170488106
0.7517746739280791
0.7466003119222178
0.7413910347516541
0.7361474461368153
0.7308701497981281
0.7255597494560198
0.7202168488309176
0.7148420516432485
0.7094359616134398
0.7039991824619185
0.6985323179091119
0.693035971675447
0.6875107474813509
0.6819572490472506
0.6763760800935736
0.6707678443407468
0.6651331455091973
0.6594725873193523
0.653786773491639
0.6480763077464845
0.642341793804316
0.6365838353855603
0.6308030362106449
0.6249999999999969
0.6191753304740429
0.613329631353211
0.6074635063579275
0.6015775592086198
0.5956723936257151
0.5897486133296406
0.5838068220408232
0.5778476234796903
0.5718716213666689
0.5658794194221859
0.5598716213666689
0.5538488309205445
0.5478116518042403
0.5417606877381832
0.5356965424428004
0.529619819638519
0.5235311230457661
0.517431056384969
0.5113202233765545
0.5051992277409502
0.4990686731985827
0.4929291634698797
0.48678130227526784
0.4806256933351745
0.4744629403700269
0.46829364710025184
0.46211841724627667
0.4559378545285286
0.4497525626674345
0.44356314538342184
0.43737020639691754
0.43117434942834865
0.42497617819814254
0.4187762964267262
0.4125753078345267
0.40637381614197143
0.40017242506948714
0.3939717383375013
0.3877723596664409
0.3815748927767332
0.3753799413888049
0.3691881092230837
0.36299999999999644
0.3568162174399703
0.3506373652634325
0.34446404719081
0.33829686694252986
0.33213642823901945
0.32598333480070574
0.3198381903480162
0.31370159860137753
0.3075741632812169
0.30145648810796183
0.295349176802039
0.2892528330838759
0.2831680606738993
0.2770954632925368
0.271035644660215
0.26498920849736146
0.2589567585244032
0.2529388984617671
0.24693623202988074
0.24094936294917094
0.23497889494006471
0.22902543172298961
0.22308957701837234
0.21717193454664024
0.2112731080282204
0.20539370118354028
0.1995343177330262
0.1936955613971061
0.18787803589620689
0.18208234495075554
0.17630909228117944
0.1705588816079054
0.16483231665136075
0.15913000113197234
0.1534525387701678
0.14780053328637394
0.14217458840101804
0.13657530783452695
0.13100329530732815
0.1254591545398487
0.11994348925251534
0.1144569031657559
0.10899999999999672
0.1035733834756657
0.0981776573131894
0.09281342523299527
0.08748129095551005
0.08218185820116156
0.07691573069037612
0.07168351214358172
0.06648580628120503
0.06132321682367273
0.0561963474914128
0.051105802004851805
0.04605218408441719
0.04103609745053596
0.036058145823635104
0.03111893292414219
0.026219062472483755
0.02135913818908726
0.01653976379438003
0.011761543008788847
0.0070250795527408184
0.002330977146663613
0.002320160489016327
0.006927729633871333
0.011491126567474629
0.016009747569399217
0.0204829889192172
0.02491024689650203
0.02929091778082693
0.033624397851763785
0.03791008338888627
0.042147370671767145
0.04633565597997898
0.05047433559309478
0.05456280579068776
0.058600462852329574
0.06258670305759502
0.06652092268605488
0.07040251801728367
0.07423088533085355
0.0780054209063375
0.0817255210233083
0.08539058196133915
0.0890000000000022
0.09255317141887065
0.09604949249751817
0.09948835951551642
0.10286916875243908
0.10619131648785848
0.10945419900134762
0.11265721257247971
0.11579975348082755
0.11888121800596367
0.12190100242746109
0.12485850302489303
0.12775311607783116
0.13058423786585022
0.13335126466852149
0.1360535927654184
0.1386906184361139
0.14126173796018082
0.1437663476171924
0.1462038436867209
0.14857362244833894
0.1508750801816206
0.15310761316613777
0.15527061768146327
0.15736349000717048
0.15938562642283177
0.16133642320802058
0.16321527664230925
0.16502158300527076
0.16675473857647835
0.16841413963550456
0.16999918246192242
0.17150926333530445
0.17294377853522436
0.17430212434125353
0.17558369703296658
0.17678789288993446
0.17791410819173176
0.17896173921793104
0.1799301822481044
0.18081883356182524
0.18162708943866618
0.1823543461582002
0.18299999999999986
0.18356344724363904
0.1840440841686894
0.18444130705472483
0.18475451218131744
0.18498309582804026
0.18512645427446628
0.18518398380016846
0.18515508068471895
0.18503914120769208
0.18483556164865952
0.18454373828719425
0.18416306740286972
0.18369294527525806
0.18313276818393268
0.1824819324084666
0.18173983422843196
0.18090586992340216
0.17997943577294978
0.17895992805664826
0.1778467430540697
0.17663927704478755
0.17533692630837394
0.17393908712440317
0.17244515577244648
0.17085452853207778
0.1691666016828696
0.1673807715043945
0.16549643427622548
0.16351298627793642
0.16142982378909856
0.15924634308928579
0.15696194045807108
0.1545760121750266
0.15208795451972618
0.14949716377174105
0.14680303621064603
0.14400496811601274
0.14110235576741464
0.13809459544442385
0.13498108342661383
0.13176121599355797
0.128434389424828
0.12499999999999688
0.12145744399863852
0.11780611770032545
0.11404541738462937
0.11017473933112502
0.10619347981938411
0.10210103512897871
0.09789680153948363
0.09358017533047096
0.08915055278151282
0.08460733017218311
0.07994990378205348
0.07517766989069737
0.07029002477768868
0.06528636472259909
0.06016608600500203
0.05492858490447049
0.049573257700575704
0.044099500672892006
0.03850671010099284
0.03279428226445032
0.026961613442836988
0.02100809991572586
0.01493313796269082
0.008736123863303089
0.0024164538971365567
0.004026475656236667
0.0105932685172418
0.017284528406309403
0.024100859043862916
0.03104286415033201
0.0381111474461419
0.04530631265172137
0.052628963487497425
0.06007970367389616
